-13.3
-11.5
-10.6
-9.0
-8.0
-8.2
-9.6
-9.4
-6.4
-1.2
2.6
6.3
9.4
10.1
6.8
1.0
-5.2
-9.5
-12.3
-16.4
-20.2
-24.2
-26.5
-27.0
-28.2
-29.5
-30.9
-31.5
-32.9
-35.2
-36.0
-32.9
-28.8
-24.8
-20.2
-14.6
-10.6
-8.8
-6.8
-4.1
-4.1
-7.3
-12.8
-18.9
-21.9
-21.0
-20.0
-19.6
-21.6
-23.6
-25.1
-26.9
-29.2
-32.2
-35.0
-37.0
-37.7
-33.4
-31.4
-28.4
-24.4
-18.1
-13.1
-6.2
-0.9
4.1
3.6
0.0
-6.8
-8.1
-5.3
-5.1
-2.7
-1.1
-4.4
-12.8
-18.4
-21.1
-19.6
-17.2
-13.2
-10.9
-5.4
-2.7
-3.7
-5.6
-8.6
-12.2
-12.7
-9.5
-6.7
-6.8
-7.3
-8.7
-8.9
-8.8
-6.6
-4.0
-0.5
4.4
9.2
13.4
16.2
21.3
23.0
26.7
32.0
37.5
37.8
37.8
37.8
38.8
41.0
42.4
40.1
37.0
33.2
29.3
25.4
24.6
26.1
24.3
21.9
16.2
11.9
5.2
1.0
0.9
4.6
7.8
8.2
10.6
12.0
10.5
7.0
5.2
6.2
6.6
5.4
2.5
2.0
0.0
-3.3
-8.5
-11.2
-10.5
-6.7
0.8
5.1
9.3
14.6
14.4
12.5
7.8
6.8
10.2
13.4
17.6
22.9
28.0
29.5
30.1
27.6
24.2
17.9
14.6
14.0
11.5
7.0
0.3
-2.7
-5.7
-6.0
-6.2
-7.0
-6.9
-5.7
-6.0
-6.7
-8.0
-8.6
-8.0
-6.5
-3.3
-0.5
3.2
8.7
14.9
23.4
31.5
38.0
43.0
48.0
45.1
35.2
21.4
16.2
19.8
22.1
16.0
6.5
-3.1
-10.5
-16.6
-25.0
-26.4
-13.0
4.7
15.2
39.4
92.2
108.2
123.8
120.8
136.6
179.6
180.9
120.6
58.6
41.8
38.8
41.2
35.9
30.2
27.4
22.4
15.4
16.9
19.1
24.6
32.7
40.7
50.2
58.3
60.6
54.9
46.6
43.1
48.1
46.9
43.9
38.1
30.6
23.0
16.4
15.6
18.5
21.3
22.8
25.6
26.6
24.9
22.6
22.0
22.5
24.3
28.0
32.7
36.8
39.0
38.9
38.0
39.8
39.3
38.1
35.1
32.2
30.1
30.4
32.4
33.2
34.5
35.9
39.8
43.2
47.0
49.0
52.7
54.6
54.3
50.8
47.1
41.3
35.3
34.0
35.7
37.7
35.3
35.0
34.0
34.6
33.0
31.8
27.4
27.1
24.9
25.1
26.6
28.7
32.9
37.4
41.8
48.5
53.9
54.7
50.3
43.3
37.5
33.9
33.4
34.0
33.6
29.7
23.1
16.6
10.8
8.6
9.1
11.2
12.6
13.0
15.4
18.6
22.0
22.5
21.2
20.7
20.4
19.6
18.0
17.6
16.5
17.4
19.3
20.8
23.7
23.3
21.3
18.3
15.2
12.2
10.5
7.1
3.9
3.1
0.3
-5.5
-10.4
-10.5
-8.5
-7.1
-6.7
-3.7
-0.4
2.0
4.1
5.3
7.6
13.1
21.7
30.1
39.5
48.9
58.1
65.9
69.1
73.8
76.2
72.7
58.7
51.4
43.3
28.9
20.6
17.1
14.5
6.6
-1.9
-7.1
-6.5
-2.4
1.3
6.6
13.7
19.4
27.3
36.8
47.5
61.9
75.9
86.0
86.0
69.5
61.9
67.3
76.4
77.3
72.6
59.2
41.2
28.2
19.8
13.3
8.6
4.9
2.7
2.9
3.4
4.0
5.3
10.0
16.2
23.8
33.1
39.7
44.3
45.0
47.2
50.1
54.8
58.2
59.3
57.4
53.7
48.8
42.0
37.0
34.5
32.1
30.5
28.5
26.6
23.4
22.0
21.0
21.5
23.6
26.8
28.1
29.4
32.4
35.5
38.0
40.1
42.4
43.9
46.7
49.8
53.5
54.9
55.7
55.1
55.0
55.4
58.8
62.4
62.8
63.6
62.4
63.5
66.0
65.6
58.6
54.7
48.6
47.2
49.7
50.8
52.0
54.1
55.0
55.2
52.7
46.5
42.7
39.1
35.8
31.3
27.3
24.7
22.7
19.4
14.9
10.1
6.3
1.6
-4.8
-11.6
-13.5
-14.9
-13.8
-5.3
5.3
18.6
37.4
59.7
80.7
97.9
110.0
112.8
110.8
106.9
104.0
102.1
98.2
87.2
69.0
51.1
38.9
31.7
23.7
16.8
13.4
8.8
5.2
2.5
6.6
12.7
18.1
25.4
33.4
39.9
46.4
51.5
55.8
57.3
59.9
61.0
61.2
60.9
58.6
53.7
46.6
42.4
41.3
41.2
39.7
37.3
34.9
33.4
33.2
34.3
35.1
38.2
43.1
47.7
51.9
56.9
60.7
63.0
65.0
66.2
68.3
70.9
73.2
72.9
75.6
78.7
81.5
82.4
83.5
80.4
81.4
82.0
77.8
69.5
60.3
50.2
46.4
44.1
41.8
39.3
39.0
38.6
41.0
43.6
45.4
47.3
48.3
50.2
52.4
58.3
62.5
66.0
70.1
72.8
74.2
72.1
71.0
67.4
62.6
59.8
56.6
53.7
51.7
49.2
48.3
48.3
48.4
45.6
41.6
38.3
39.3
41.1
42.9
44.5
47.1
48.6
47.4
44.4
42.7
42.0
41.6
41.5
41.4
37.6
32.3
30.5
31.5
42.7
45.1
48.7
48.6
51.4
52.8
52.2
51.8
54.4
59.0
62.3
66.0
70.2
72.8
76.1
81.7
87.3
92.0
95.6
103.3
108.4
108.3
104.4
97.1
96.1
93.4
90.4
86.9
81.7
78.8
77.2
75.8
72.9
66.2
59.3
59.0
56.5
53.5
56.2
65.7
72.5
77.6
89.0
103.7
104.0
104.4
108.3
123.0
130.7
133.4
138.0
146.6
151.3
150.5
145.3
138.6
119.1
98.2
93.4
91.4
89.0
85.7
80.0
74.2
66.7
59.1
55.9
54.0
49.9
42.3
38.2
34.5
35.2
39.2
38.5
45.7
56.0
63.1
69.6
71.4
70.4
71.2
69.7
69.1
66.8
63.5
56.1
48.9
45.9
45.3
47.5
44.9
41.2
36.4
30.3
23.0
19.9
19.6
23.3
28.0
30.8
36.9
44.9
50.5
52.8
54.0
54.3
56.0
58.8
61.2
64.4
66.2
64.5
60.3
55.8
52.7
51.0
49.1
45.2
40.0
37.2
34.5
31.4
27.9
27.0
25.0
24.9
23.9
22.0
21.2
20.1
17.0
12.6
9.2
6.0
5.3
3.9
2.6
1.2
0.8
1.7
-0.1
-5.1
-8.2
-9.1
-4.9
0.4
7.1
14.1
22.2
30.5
36.2
39.8
43.0
46.5
48.8
48.7
48.7
46.9
44.9
42.5
41.0
40.3
38.4
35.2
32.0
28.0
24.5
21.8
19.5
19.1
21.2
24.3
27.5
30.1
31.0
30.7
31.8
33.6
35.0
37.1
38.2
36.8
36.9
36.8
36.7
36.0
34.6
32.8
30.4
28.6
26.9
25.7
24.0
21.6
20.0
20.8
22.0
25.9
30.3
32.0
31.3
31.0
31.0
29.7
31.0
33.5
38.1
41.6
46.3
51.3
53.6
57.3
62.2
65.5
66.8
65.6
61.5
54.3
48.0
41.5
37.6
37.1
33.7
28.5
25.6
24.4
22.6
18.8
16.5
16.4
16.0
17.8
22.5
26.6
30.6
36.1
39.3
44.2
46.0
48.7
51.2
50.9
49.0
42.5
35.4
30.8
28.3
26.7
24.7
22.1
20.2
17.8
14.2
10.4
9.0
9.8
11.4
12.4
12.6
12.6
12.4
13.6
17.2
21.9
26.8
30.6
31.9
32.9
34.1
35.4
36.6
38.1
39.0
39.9
41.0
43.6
46.1
51.4
53.7
59.1
64.3
65.6
70.8
78.5
88.7
98.3
103.7
98.5
80.3
63.8
55.1
52.3
45.9
38.0
34.5
31.5
30.1
39.8
48.8
57.7
62.5
65.4
67.7
64.9
63.0
64.7
75.8
78.3
84.3
92.0
93.1
87.3
75.3
66.9
65.8
75.0
78.7
81.2
82.3
72.1
66.5
66.8
66.8
61.8
58.2
46.6
46.3
51.0
49.0
41.4
36.7
29.6
25.4
25.3
24.8
24.6
24.1
26.9
30.6
32.5
33.3
34.6
35.6
40.6
46.6
50.3
52.3
50.6
48.9
48.5
47.3
44.5
38.4
30.9
24.8
19.4
15.6
13.8
10.8
8.5
8.7
11.1
13.4
16.2
20.6
25.0
29.4
36.2
43.5
52.9
64.3
78.8
92.2
95.1
71.2
55.1
47.7
46.2
42.6
40.0
35.3
29.5
27.1
30.4
38.9
41.9
53.6
68.1
78.5
88.5
85.8
76.8
75.6
85.0
89.8
90.9
91.4
88.9
78.1
67.5
59.5
44.6
25.9
5.1
-9.6
-16.5
-10.8
-6.2
3.9
18.7
29.5
39.4
47.3
57.1
64.7
69.9
79.9
87.5
90.8
91.3
94.6
99.2
104.7
112.0
116.2
112.3
99.1
86.6
82.4
82.3
74.8
63.6
54.8
51.2
47.7
46.2
49.1
54.1
57.4
58.5
59.6
62.8
63.6
61.5
59.9
61.3
63.1
64.4
62.9
54.0
43.4
33.4
28.0
22.7
18.6
15.4
12.2
11.0
10.7
12.5
14.9
18.9
23.5
27.7
31.9
35.9
39.3
42.3
44.3
48.3
51.3
54.7
57.2
58.8
57.6
53.4
47.9
43.8
42.0
43.8
46.0
47.7
51.4
56.7
62.3
72.3
81.5
90.8
95.6
77.3
52.3
44.1
54.3
64.0
64.0
66.6
68.1
66.7
62.2
63.7
65.4
59.3
43.8
25.9
15.4
15.1
21.8
26.1
29.1
30.7
23.8
9.6
4.7
11.2
18.0
16.6
13.6
13.7
17.4
19.6
23.6
33.1
44.5
56.1
67.1
70.6
62.4
54.6
53.2
59.1
62.4
62.2
59.4
55.2
49.5
49.0
53.5
56.9
59.2
60.5
61.0
60.7
60.1
61.2
62.2
63.9
65.1
66.0
65.3
64.5
62.9
59.1
57.6
56.8
55.6
54.0
53.3
53.0
53.5
53.8
53.7
56.5
58.1
57.5
55.4
50.7
46.0
45.0
45.0
45.4
46.4
47.1
47.0
44.7
39.2
32.4
29.2
31.5
33.2
29.4
22.1
14.6
11.3
13.7
17.6
20.8
25.7
31.7
37.0
41.6
47.6
52.0
53.8
56.1
57.2
58.6
59.7
60.4
58.3
55.4
53.3
51.4
51.1
51.0
53.0
52.8
51.6
52.6
58.9
64.9
72.9
79.8
84.7
90.5
89.4
81.5
70.9
65.5
64.2
62.0
58.2
56.1
53.9
50.8
48.0
46.6
42.9
40.4
38.9
40.6
44.4
49.3
56.9
66.5
75.8
82.7
88.9
90.1
91.4
88.2
85.0
84.8
76.8
74.4
70.2
65.2
59.5
55.3
54.8
55.9
55.7
53.5
52.5
51.5
56.4
66.9
75.9
87.7
93.2
109.2
115.4
112.0
106.4
123.5
150.7
172.4
178.4
180.5
183.9
183.3
177.5
174.2
163.9
145.3
122.3
100.6
81.3
60.2
35.9
21.5
13.5
9.3
2.1
-4.3
-5.1
0.2
13.1
23.4
35.2
47.3
57.8
64.6
69.5
72.8
76.4
78.5
79.0
75.5
65.2
58.5
53.1
45.4
39.3
31.9
25.0
20.5
20.0
20.0
19.2
19.0
20.5
21.6
23.9
24.6
27.0
30.0
32.2
34.5
35.5
36.8
40.6
44.5
45.9
46.4
42.8
40.7
41.5
42.1
41.1
41.5
41.3
43.6
47.9
50.1
52.3
52.0
50.0
49.5
51.6
53.5
52.6
49.7
45.8
41.8
37.1
34.5
34.3
38.2
41.8
46.4
51.7
51.0
48.5
52.0
59.2
67.7
73.1
80.1
83.5
86.5
89.1
88.9
88.0
88.3
86.9
83.1
79.7
81.2
87.1
90.7
87.1
74.8
59.6
52.4
44.5
37.9
33.3
32.3
34.5
37.9
40.0
43.2
44.8
46.7
55.0
64.3
71.2
79.1
81.6
79.0
73.0
66.9
72.2
77.9
79.1
79.2
71.1
63.3
56.9
52.4
46.3
43.2
40.5
39.8
41.0
42.7
44.2
45.2
43.2
43.5
42.2
41.4
40.4
37.7
35.0
33.8
32.4
32.0
32.2
32.0
32.0
30.4
28.6
29.0
27.6
25.3
23.3
22.2
24.7
28.7
28.4
28.4
32.1
33.2
33.0
33.8
37.5
42.3
44.4
47.0
47.5
48.8
51.6
56.4
61.6
67.2
68.7
68.8
64.3
56.0
53.8
53.4
51.8
45.4
44.6
50.6
60.0
64.0
64.3
56.3
52.5
50.1
49.6
52.3
56.9
61.2
66.7
70.0
70.5
67.4
61.3
57.0
55.1
54.4
53.5
52.9
54.0
58.4
66.4
75.4
86.2
95.9
105.0
110.5
107.2
95.9
81.5
66.5
56.0
48.5
40.6
36.7
34.1
33.0
37.6
45.0
54.4
64.6
72.8
74.0
73.0
75.9
80.2
85.2
91.5
96.2
98.3
93.1
81.0
70.9
62.4
58.6
65.8
71.3
66.7
66.3
65.9
67.7
69.2
78.5
85.9
91.1
95.6
104.7
108.0
110.3
109.8
109.4
114.3
115.1
117.4
111.3
98.5
82.2
64.9
50.2
33.7
23.4
15.9
11.6
11.8
15.7
17.2
18.4
21.3
30.3
40.0
45.7
51.8
58.5
62.7
65.7
64.9
61.8
58.9
55.7
53.4
51.8
47.1
41.3
36.3
31.3
27.4
24.3
23.6
22.1
18.5
14.2
13.5
15.6
19.6
25.9
31.2
35.9
39.2
39.0
41.5
47.3
53.6
56.5
58.8
56.3
55.0
54.9
53.6
50.4
45.8
46.7
43.6
38.7
31.2
24.8
22.1
25.2
26.0
23.5
23.7
22.2
19.6
19.7
22.5
24.9
27.3
28.6
26.8
27.3
30.6
35.4
37.0
38.1
40.5
41.5
39.6
40.2
44.7
50.0
54.8
62.7
70.7
77.8
82.4
82.3
78.4
66.0
52.8
46.5
43.4
42.8
41.7
40.1
41.2
42.2
40.7
41.3
37.0
32.1
33.8
35.9
37.8
38.0
32.9
27.4
25.0
29.6
33.2
36.6
38.7
40.2
40.9
41.9
41.4
40.1
38.2
36.6
35.6
34.0
33.8
33.0
31.0
31.0
29.6
29.9
30.9
30.2
31.1
35.0
36.7
39.0
43.6
47.8
50.8
53.1
54.8
56.6
57.9
59.2
62.8
67.8
70.1
72.9
74.1
72.8
71.2
67.9
64.7
65.2
65.0
65.7
69.2
72.9
72.9
69.8
69.5
69.2
73.2
73.1
73.3
70.8
68.0
65.9
60.5
51.8
46.5
46.9
51.2
55.4
57.0
59.4
57.8
58.7
59.7
61.6
66.1
68.5
69.8
69.1
64.8
61.1
59.7
58.1
56.6