-0.041 -0.038 0.043 0.045 4.671

-0.016 -0.036 0.052 0.000 6.969

-0.026 -0.026 0.000 0.054 4.691

0.010 -0.021 0.000 0.000 7.523

-0.061 -0.000 0.033 0.043 4.387

-0.035 0.000 0.042 0.000 6.601

-0.043 0.000 0.000 0.051 4.476

-0.006 0.000 0.000 0.000 7.226

0.000 -0.056 0.031 0.025 6.083

0.000 -0.046 0.043 0.000 7.162

0.000 -0.041 0.000 0.038 5.667

0.000 -0.010 0.000 0.000 7.435

0.000 0.000 0.000 0.002 6.823

0.000 0.000 0.002 0.000 6.918

0.000 0.000 0.000 0.002 6.813

0.000 0.000 0.000 0.000 7.010